USB PD Specification - Table Structure Summary
==================================================

Table No.  Page   Rows   Columns  Expected Cells  Actual Cells   
----------------------------------------------------------------------
1          2      19     4        76              72             
2          3      6      4        24              21             
3          4      3      4        12              12             
4          36     16     2        32              31             
5          37     18     2        36              36             
6          38     8      2        16              16             
7          39     20     2        40              40             
8          40     26     2        52              50             
9          41     28     2        56              56             
10         42     29     2        58              58             
11         43     31     2        62              62             
12         44     22     2        44              44             
13         45     25     2        50              50             
14         46     28     2        56              56             
15         47     27     2        54              54             
16         48     31     2        62              62             
17         49     32     2        64              64             
18         50     31     2        62              62             
19         51     23     2        46              46             
20         52     16     2        32              32             
21         58     4      5        20              3              
22         58     3      2        6               3              
23         69     3      2        6               2              
24         74     2      2        4               4              
25         74     5      5        25              13             
26         74     2      2        4               2              
27         74     2      2        4               2              
28         74     2      2        4               2              
29         74     2      2        4               2              
30         74     2      2        4               2              
31         74     2      2        4               4              
32         75     4      4        16              12             
33         75     6      5        30              17             
34         76     9      7        63              36             
35         80     33     4        132             115            
36         81     8      2        16              16             
37         82     8      5        40              29             
38         83     4      3        12              8              
39         83     7      4        28              4              
40         84     5      2        10              8              
41         85     5      2        10              8              
42         85     5      2        10              8              
43         86     5      2        10              8              
44         86     5      2        10              8              
45         88     3      23       69              8              
46         88     33     2        66              62             
47         89     5      2        10              8              
48         90     5      2        10              8              
49         91     3      5        15              14             
50         96     10     18       180             0              
51         97     10     18       180             0              
52         97     15     4        60              58             
53         98     10     4        40              37             
54         99     6      12       72              0              
55         100    6      12       72              0              
56         100    6      12       72              0              
57         101    6      12       72              0              
58         101    6      12       72              0              
59         102    6      12       72              0              
60         102    15     4        60              52             
61         103    2      2        4               1              
62         103    2      2        4               1              
63         103    4      3        12              2              
64         103    2      2        4               1              
65         105    4      7        28              16             
66         106    12     7        84              67             
67         110    13     7        91              62             
68         116    10     4        40              37             
69         119    9      5        45              40             
70         120    6      4        24              22             
71         122    4      4        16              10             
72         123    3      11       33              14             
73         124    3      6        18              9              
74         126    4      14       56              21             
75         126    4      6        24              10             
76         126    2      4        8               5              
77         127    4      6        24              10             
78         127    4      10       40              16             
79         128    28     5        140             133            
80         138    17     5        85              84             
81         139    7      3        21              13             
82         140    8      3        24              15             
83         141    13     3        39              38             
84         143    5      2        10              9              
85         143    5      3        15              14             
86         144    5      3        15              14             
87         145    10     3        30              29             
88         146    7      3        21              19             
89         146    8      3        24              22             
90         147    5      2        10              9              
91         148    16     4        64              40             
92         149    5      3        15              14             
93         150    5      3        15              14             
94         150    9      3        27              26             
95         151    6      3        18              16             
96         151    8      3        24              22             
97         155    11     3        33              32             
98         156    11     3        33              32             
99         156    12     3        36              35             
100        156    12     3        36              35             
101        160    9      6        54              45             
102        163    4      3        12              9              
103        164    21     5        105             52             
104        165    8      3        24              24             
105        165    3      3        9               7              
106        167    7      3        21              21             
107        169    2      8        16              9              
108        169    5      3        15              13             
109        170    7      3        21              17             
110        170    5      4        20              14             
111        171    5      4        20              17             
112        171    5      4        20              17             
113        172    2      3        6               3              
114        172    3      3        9               7              
115        172    10     4        40              24             
116        173    9      4        36              23             
117        175    10     4        40              26             
118        176    12     3        36              30             
119        177    5      3        15              12             
120        179    10     3        30              25             
121        180    10     3        30              26             
122        180    5      3        15              13             
123        181    12     3        36              35             
124        184    12     3        36              30             
125        186    3      3        9               8              
126        186    2      6        12              8              
127        187    2      8        16              11             
128        187    2      14       28              20             
129        187    2      4        8               5              
130        196    8      4        32              18             
131        198    15     4        60              28             
132        199    3      3        9               8              
133        201    4      2        8               7              
134        203    16     3        48              42             
135        206    17     5        85              44             
136        212    6      3        18              17             
137        214    6      2        12              11             
138        215    23     5        115             111            
139        216    22     4        88              51             
140        217    25     4        100             54             
141        221    10     4        40              23             
142        222    20     5        100             48             
143        223    20     5        100             38             
144        226    5      5        25              15             
145        227    2      3        6               6              
146        227    2      3        6               6              
147        228    8      5        40              23             
148        230    3      3        9               9              
149        231    4      3        12              11             
150        235    10     4        40              21             
151        237    10     5        50              25             
152        238    5      3        15              13             
153        239    20     6        120             67             
154        240    23     6        138             70             
155        244    3      4        12              9              
156        244    7      6        42              36             
157        245    2      8        16              9              
158        246    2      8        16              9              
159        262    37     6        222             173            
160        263    34     7        238             162            
161        264    31     4        124             124            
162        267    7      3        21              21             
163        267    7      3        21              21             
164        269    11     6        66              34             
165        269    4      7        28              23             
166        274    9      3        27              27             
167        277    2      2        4               0              
168        295    2      4        8               4              
169        298    34     2        68              62             
170        299    24     2        48              44             
171        300    10     3        30              27             
172        301    26     7        182             131            
173        302    26     7        182             134            
174        303    24     7        168             125            
175        304    6      7        42              28             
176        305    20     7        140             101            
177        306    22     7        154             109            
178        307    4      7        28              15             
179        308    12     7        84              46             
180        309    16     6        96              73             
181        310    10     6        60              35             
182        310    5      4        20              8              
183        311    4      5        20              18             
184        312    2      2        4               1              
185        314    4      3        12              1              
186        318    7      8        56              9              
187        319    2      2        4               2              
188        323    11     12       132             14             
189        330    2      2        4               0              
190        332    5      5        25              3              
191        333    4      4        16              2              
192        334    4      4        16              1              
193        335    3      3        9               1              
194        342    26     18       468             35             
195        343    9      3        27              24             
196        345    23     18       414             36             
197        346    9      3        27              24             
198        348    23     18       414             36             
199        349    9      3        27              24             
200        351    10     9        90              18             
201        351    14     6        84              12             
202        352    7      3        21              19             
203        354    10     9        90              17             
204        354    8      3        24              5              
205        355    6      3        18              17             
206        357    10     10       100             13             
207        357    14     6        84              9              
208        358    8      3        24              22             
209        360    10     10       100             19             
210        360    5      3        15              14             
211        362    10     9        90              21             
212        362    3      4        12              3              
213        362    2      2        4               3              
214        362    7      3        21              3              
215        363    8      3        24              21             
216        365    10     10       100             17             
217        365    3      4        12              3              
218        365    7      3        21              3              
219        366    7      3        21              19             
220        368    7      9        63              8              
221        368    9      3        27              7              
222        369    6      3        18              17             
223        371    8      7        56              15             
224        371    9      3        27              7              
225        372    6      3        18              17             
226        374    35     11       385             28             
227        375    8      3        24              19             
228        377    35     11       385             28             
229        378    8      3        24              21             
230        380    6      6        36              8              
231        380    5      3        15              14             
232        382    7      9        63              13             
233        382    13     3        39              9              
234        383    6      3        18              17             
235        385    7      9        63              13             
236        385    9      3        27              7              
237        386    6      3        18              17             
238        387    6      8        48              12             
239        387    5      3        15              14             
240        389    25     22       550             45             
241        390    9      3        27              25             
242        391    3      3        9               8              
243        393    17     17       289             33             
244        394    9      3        27              26             
245        395    3      3        9               8              
246        397    8      4        32              7              
247        397    13     8        104             14             
248        397    6      3        18              16             
249        399    20     10       200             22             
250        399    7      3        21              16             
251        401    19     18       342             42             
252        401    5      2        10              3              
253        402    15     3        45              38             
254        403    4      3        12              12             
255        404    14     7        98              62             
256        405    12     7        84              59             
257        406    6      7        42              28             
258        407    9      8        72              40             
259        408    7      8        56              34             
260        409    9      8        72              50             
261        410    13     7        91              73             
262        411    12     7        84              61             
263        412    4      7        28              19             
264        413    12     7        84              55             
265        414    13     7        91              57             
266        415    9      7        63              44             
267        426    3      4        12              4              
268        426    3      3        9               4              
269        426    2      4        8               3              
270        426    2      3        6               2              
271        426    10     3        30              22             
272        427    3      4        12              4              
273        427    3      2        6               4              
274        427    3      4        12              3              
275        427    2      3        6               2              
276        427    6      2        12              10             
277        428    3      2        6               6              
278        428    3      3        9               3              
279        428    3      3        9               4              
280        428    3      3        9               3              
281        428    3      3        9               3              
282        428    5      6        30              6              
283        428    3      3        9               3              
284        428    3      2        6               4              
285        429    12     3        36              28             
286        430    28     3        84              82             
287        431    8      5        40              31             
288        432    4      5        20              20             
289        433    10     5        50              42             
290        434    2      5        10              10             
291        434    2      5        10              10             
292        434    5      5        25              22             
293        435    7      5        35              26             
294        435    2      5        10              10             
295        436    13     5        65              46             
296        437    7      5        35              26             
297        437    5      5        25              19             
298        438    5      5        25              19             
299        438    8      6        48              31             
300        439    8      5        40              31             
301        440    5      5        25              25             
302        440    5      5        25              23             
303        441    6      5        30              26             
304        441    4      5        20              18             
305        441    4      5        20              18             
306        442    4      5        20              18             
307        442    3      5        15              15             
308        442    7      5        35              30             
309        443    7      5        35              30             
310        444    15     5        75              58             
311        445    4      5        20              18             
312        445    7      5        35              25             
313        445    3      4        12              10             
314        446    4      6        24              22             
315        448    71     16       1136            93             
316        448    2      2        4               1              
317        448    2      2        4               2              
318        448    2      3        6               3              
319        449    15     3        45              34             
320        450    19     3        57              42             
321        451    8      3        24              16             
322        452    49     20       980             65             
323        452    2      3        6               2              
324        453    15     3        45              34             
325        454    14     3        42              32             
326        455    49     20       980             65             
327        455    2      3        6               3              
328        456    15     3        45              34             
329        457    14     3        42              32             
330        458    3      2        6               2              
331        458    45     15       675             56             
332        458    2      3        6               2              
333        458    3      2        6               2              
334        458    3      2        6               4              
335        458    2      2        4               2              
336        458    2      3        6               2              
337        458    2      2        4               2              
338        458    2      3        6               2              
339        458    2      4        8               3              
340        458    2      2        4               2              
341        459    14     3        42              31             
342        460    16     3        48              33             
343        461    45     16       720             55             
344        461    2      3        6               2              
345        461    3      2        6               2              
346        461    3      2        6               4              
347        461    2      2        4               2              
348        461    2      3        6               2              
349        461    2      2        4               2              
350        461    2      3        6               2              
351        461    2      4        8               3              
352        462    14     3        42              31             
353        463    16     3        48              32             
354        464    24     16       384             30             
355        464    2      3        6               2              
356        464    3      3        9               3              
357        464    3      2        6               4              
358        464    2      3        6               2              
359        464    2      2        4               3              
360        465    15     3        45              32             
361        466    4      3        12              10             
362        467    27     17       459             33             
363        467    2      3        6               3              
364        467    3      3        9               3              
365        467    3      2        6               4              
366        467    2      3        6               2              
367        468    15     3        45              32             
368        469    4      3        12              10             
369        470    43     12       516             54             
370        470    3      2        6               2              
371        470    3      2        6               2              
372        470    3      2        6               2              
373        471    16     3        48              34             
374        472    16     3        48              35             
375        473    42     15       630             55             
376        473    3      2        6               2              
377        473    3      2        6               2              
378        473    3      2        6               2              
379        473    3      2        6               2              
380        474    16     3        48              35             
381        475    16     3        48              34             
382        476    37     15       555             52             
383        476    3      2        6               2              
384        476    3      2        6               2              
385        476    3      2        6               2              
386        476    3      2        6               2              
387        477    16     3        48              35             
388        478    15     3        45              32             
389        480    71     22       1562            99             
390        480    2      2        4               1              
391        480    2      2        4               2              
392        480    2      2        4               2              
393        480    2      2        4               2              
394        480    2      4        8               3              
395        480    2      2        4               2              
396        481    16     3        48              35             
397        482    18     3        54              40             
398        483    7      3        21              15             
399        484    50     23       1150            73             
400        484    2      3        6               2              
401        484    2      2        4               2              
402        485    16     3        48              35             
403        486    13     3        39              30             
404        487    50     23       1150            73             
405        487    2      3        6               3              
406        487    2      2        4               2              
407        488    16     3        48              35             
408        489    13     3        39              30             
409        490    3      3        9               3              
410        490    35     14       490             38             
411        490    2      3        6               2              
412        490    3      3        9               3              
413        490    3      2        6               2              
414        490    2      2        4               2              
415        490    2      3        6               3              
416        490    2      3        6               2              
417        490    3      2        6               2              
418        491    15     3        45              32             
419        492    6      3        18              13             
420        493    7      7        49              8              
421        493    2      2        4               2              
422        493    3      3        9               3              
423        493    3      6        18              1              
424        494    18     3        54              39             
425        495    4      3        12              7              
426        496    17     9        153             17             
427        496    3      2        6               2              
428        497    18     3        54              38             
429        498    4      3        12              7              
430        499    42     17       714             50             
431        499    2      3        6               2              
432        499    3      2        6               2              
433        499    3      2        6               4              
434        499    2      2        4               2              
435        499    2      2        4               3              
436        499    2      3        6               2              
437        499    2      2        4               2              
438        499    2      3        6               2              
439        499    2      4        8               3              
440        500    14     3        42              31             
441        501    16     3        48              32             
442        502    24     16       384             29             
443        502    2      3        6               2              
444        502    3      3        9               3              
445        502    3      2        6               4              
446        502    2      3        6               2              
447        502    2      2        4               3              
448        503    15     3        45              32             
449        504    4      3        12              10             
450        505    27     17       459             33             
451        505    2      3        6               3              
452        505    3      3        9               3              
453        505    3      2        6               4              
454        505    2      3        6               2              
455        506    15     3        45              33             
456        507    4      3        12              10             
457        508    3      2        6               3              
458        508    3      3        9               4              
459        508    3      3        9               3              
460        508    2      3        6               3              
461        508    2      2        4               2              
462        508    5      5        25              5              
463        508    3      2        6               2              
464        509    17     3        51              37             
465        510    3      3        9               6              
466        511    3      2        6               4              
467        511    13     9        117             16             
468        511    3      3        9               4              
469        511    3      3        9               3              
470        511    2      2        4               2              
471        511    2      2        4               2              
472        511    2      3        6               2              
473        511    3      2        6               2              
474        512    18     3        54              40             
475        513    3      3        9               6              
476        514    3      3        9               3              
477        514    3      2        6               2              
478        514    2      2        4               2              
479        514    2      2        4               2              
480        514    3      2        6               2              
481        514    3      2        6               1              
482        514    2      2        4               2              
483        514    2      4        8               5              
484        514    2      2        4               2              
485        514    2      2        4               1              
486        514    4      4        16              5              
487        514    3      3        9               2              
488        514    2      2        4               2              
489        515    16     3        48              35             
490        516    14     3        42              31             
491        517    18     11       198             29             
492        517    3      3        9               3              
493        517    2      2        4               2              
494        517    2      2        4               2              
495        517    2      2        4               2              
496        517    3      2        6               2              
497        517    3      2        6               2              
498        517    3      2        6               3              
499        517    2      2        4               2              
500        517    2      2        4               2              
501        517    3      2        6               2              
502        518    16     3        48              35             
503        519    14     3        42              30             
504        520    38     15       570             46             
505        520    3      3        9               3              
506        520    3      2        6               2              
507        520    2      2        4               2              
508        520    2      2        4               2              
509        520    2      2        4               2              
510        520    5      4        20              3              
511        520    2      2        4               2              
512        520    3      2        6               3              
513        520    4      4        16              5              
514        520    3      2        6               2              
515        521    17     3        51              38             
516        522    16     3        48              34             
517        523    7      3        21              15             
518        524    42     17       714             54             
519        524    3      2        6               2              
520        524    2      2        4               2              
521        524    3      2        6               2              
522        524    2      2        4               2              
523        524    2      2        4               2              
524        524    3      2        6               3              
525        524    3      3        9               4              
526        524    3      2        6               2              
527        524    2      2        4               2              
528        525    17     3        51              38             
529        526    16     3        48              34             
530        527    7      3        21              15             
531        528    4      6        24              5              
532        528    27     18       486             27             
533        528    3      2        6               2              
534        528    2      2        4               2              
535        528    2      2        4               2              
536        528    3      3        9               3              
537        529    14     3        42              31             
538        530    8      3        24              16             
539        531    26     17       442             30             
540        531    3      2        6               2              
541        531    3      3        9               3              
542        531    2      3        6               2              
543        531    3      3        9               3              
544        531    3      3        9               3              
545        531    2      2        4               2              
546        531    3      2        6               2              
547        531    3      3        9               3              
548        532    14     3        42              32             
549        533    8      3        24              16             
550        534    26     20       520             35             
551        534    2      2        4               2              
552        534    2      3        6               2              
553        534    4      3        12              4              
554        534    3      3        9               3              
555        534    3      2        6               2              
556        534    3      2        6               2              
557        534    3      3        9               3              
558        534    3      2        6               2              
559        535    13     3        39              30             
560        536    13     3        39              28             
561        538    59     19       1121            74             
562        538    3      2        6               4              
563        538    3      2        6               2              
564        538    2      2        4               2              
565        538    3      2        6               2              
566        538    2      2        4               2              
567        538    3      2        6               2              
568        539    16     3        48              37             
569        540    15     3        45              35             
570        541    9      3        27              19             
571        542    2      3        6               3              
572        542    16     16       256             21             
573        542    2      2        4               2              
574        542    3      3        9               4              
575        542    2      3        6               3              
576        542    2      3        6               4              
577        543    16     3        48              37             
578        544    4      3        12              10             
579        545    2      3        6               3              
580        545    19     18       342             24             
581        545    3      3        9               4              
582        545    2      3        6               3              
583        545    2      3        6               4              
584        546    16     3        48              37             
585        547    4      3        12              10             
586        549    2      2        4               2              
587        549    2      2        4               2              
588        549    72     19       1368            84             
589        549    2      2        4               2              
590        549    2      2        4               2              
591        549    2      2        4               2              
592        549    3      2        6               2              
593        549    2      3        6               2              
594        549    2      3        6               3              
595        549    3      2        6               3              
596        549    2      2        4               2              
597        549    2      2        4               2              
598        549    3      2        6               4              
599        550    15     3        45              35             
600        551    16     3        48              36             
601        552    9      3        27              19             
602        553    2      3        6               2              
603        553    2      3        6               2              
604        553    14     10       140             15             
605        553    2      3        6               3              
606        553    2      2        4               2              
607        553    4      4        16              5              
608        553    3      2        6               3              
609        553    3      3        9               3              
610        553    2      3        6               3              
611        553    4      3        12              5              
612        554    16     3        48              37             
613        555    4      3        12              10             
614        556    2      3        6               2              
615        556    2      3        6               2              
616        556    25     15       375             27             
617        556    2      3        6               3              
618        556    4      4        16              5              
619        556    3      3        9               3              
620        556    2      3        6               3              
621        557    16     3        48              37             
622        558    4      3        12              10             
623        560    2      2        4               2              
624        560    59     16       944             85             
625        560    2      2        4               2              
626        560    2      2        4               2              
627        560    2      2        4               2              
628        560    3      2        6               2              
629        561    15     3        45              36             
630        562    14     3        42              31             
631        563    11     3        33              22             
632        564    3      2        6               2              
633        564    28     15       420             34             
634        564    2      3        6               3              
635        564    2      2        4               2              
636        564    2      2        4               2              
637        564    3      2        6               2              
638        564    2      2        4               2              
639        564    2      2        4               2              
640        565    17     3        51              40             
641        566    4      3        12              8              
642        567    3      2        6               2              
643        567    3      2        6               2              
644        567    19     14       266             29             
645        567    2      2        4               2              
646        567    2      2        4               2              
647        567    2      2        4               2              
648        567    3      2        6               2              
649        567    2      2        4               2              
650        567    2      3        6               2              
651        568    16     3        48              37             
652        569    4      3        12              10             
653        570    3      2        6               2              
654        570    3      2        6               2              
655        570    20     15       300             29             
656        570    2      2        4               2              
657        570    3      3        9               3              
658        570    2      2        4               2              
659        570    3      2        6               2              
660        570    2      2        4               2              
661        570    2      3        6               2              
662        571    16     3        48              37             
663        572    4      3        12              10             
664        573    26     15       390             31             
665        573    2      2        4               2              
666        573    2      2        4               2              
667        573    3      2        6               2              
668        573    3      3        9               3              
669        573    2      2        4               2              
670        573    2      2        4               2              
671        574    17     3        51              40             
672        575    4      3        12              8              
673        576    25     16       400             34             
674        576    2      2        4               2              
675        576    2      2        4               2              
676        576    3      2        6               2              
677        576    2      2        4               2              
678        576    2      3        6               2              
679        577    16     3        48              37             
680        578    4      3        12              10             
681        579    24     16       384             31             
682        579    2      2        4               2              
683        579    3      2        6               2              
684        579    3      3        9               3              
685        579    2      2        4               2              
686        579    2      3        6               2              
687        580    16     3        48              37             
688        581    4      3        12              10             
689        582    3      2        6               2              
690        582    3      2        6               2              
691        582    30     15       450             32             
692        582    3      2        6               2              
693        582    2      2        4               2              
694        582    2      2        4               2              
695        582    2      2        4               2              
696        582    2      2        4               2              
697        582    2      2        4               2              
698        582    2      3        6               3              
699        583    17     3        51              40             
700        584    4      3        12              8              
701        585    3      2        6               2              
702        585    3      2        6               2              
703        585    4      3        12              5              
704        585    12     8        96              14             
705        585    3      2        6               2              
706        585    4      3        12              5              
707        585    2      2        4               2              
708        585    2      2        4               2              
709        585    2      2        4               2              
710        585    2      2        4               2              
711        585    2      2        4               2              
712        585    2      3        6               3              
713        586    16     3        48              37             
714        587    4      3        12              10             
715        588    3      2        6               2              
716        588    3      2        6               2              
717        588    13     5        65              14             
718        588    11     8        88              15             
719        588    3      2        6               2              
720        588    2      2        4               2              
721        588    2      2        4               2              
722        588    2      2        4               2              
723        588    2      2        4               2              
724        588    2      3        6               3              
725        589    17     3        51              40             
726        590    3      3        9               6              
727        591    3      2        6               2              
728        591    3      2        6               2              
729        591    30     15       450             30             
730        591    3      2        6               2              
731        591    2      2        4               2              
732        591    2      2        4               2              
733        591    2      2        4               2              
734        591    2      2        4               2              
735        591    2      3        6               2              
736        592    17     3        51              40             
737        593    4      3        12              8              
738        594    3      2        6               2              
739        594    3      2        6               2              
740        594    10     4        40              12             
741        594    10     8        80              11             
742        594    3      2        6               2              
743        594    2      2        4               2              
744        594    2      2        4               2              
745        594    2      2        4               2              
746        594    2      2        4               2              
747        594    2      3        6               2              
748        595    16     3        48              37             
749        596    4      3        12              10             
750        597    3      2        6               2              
751        597    3      2        6               2              
752        597    13     5        65              14             
753        597    9      8        72              12             
754        597    3      2        6               2              
755        597    2      2        4               2              
756        597    2      2        4               2              
757        597    2      2        4               2              
758        597    2      3        6               2              
759        598    16     3        48              37             
760        599    4      3        12              10             
761        600    3      2        6               2              
762        600    3      2        6               2              
763        600    44     21       924             51             
764        600    2      2        4               2              
765        600    2      2        4               2              
766        600    3      3        9               4              
767        600    2      2        4               2              
768        600    3      3        9               3              
769        600    3      2        6               2              
770        601    17     3        51              41             
771        602    13     3        39              26             
772        603    2      3        6               2              
773        603    2      3        6               2              
774        603    8      6        48              8              
775        603    2      2        4               2              
776        603    2      2        4               2              
777        603    3      3        9               4              
778        603    7      6        42              6              
779        603    4      5        20              4              
780        604    17     3        51              41             
781        605    3      3        9               6              
782        606    2      3        6               2              
783        606    2      3        6               2              
784        606    8      6        48              8              
785        606    2      2        4               2              
786        606    3      3        9               3              
787        606    3      3        9               4              
788        606    7      6        42              6              
789        606    4      5        20              4              
790        607    17     3        51              41             
791        608    3      3        9               6              
792        609    3      3        9               3              
793        609    3      3        9               3              
794        609    42     17       714             47             
795        609    2      2        4               2              
796        609    3      2        6               2              
797        609    3      2        6               4              
798        609    2      3        6               2              
799        609    2      2        4               2              
800        609    2      2        4               2              
801        610    17     3        51              40             
802        611    13     3        39              27             
803        612    3      3        9               2              
804        612    3      3        9               2              
805        612    7      3        21              5              
806        612    2      3        6               3              
807        612    2      2        4               2              
808        612    3      3        9               4              
809        612    7      6        42              6              
810        612    2      3        6               3              
811        612    4      5        20              4              
812        613    16     3        48              37             
813        614    4      3        12              10             
814        615    3      3        9               2              
815        615    3      3        9               2              
816        615    7      3        21              5              
817        615    2      3        6               3              
818        615    3      3        9               3              
819        615    3      3        9               4              
820        615    7      6        42              6              
821        615    2      3        6               3              
822        615    4      5        20              4              
823        616    17     3        51              40             
824        617    3      3        9               6              
825        618    8      6        48              12             
826        618    5      5        25              5              
827        619    10     3        30              23             
828        620    8      6        48              12             
829        620    5      5        25              5              
830        621    10     3        30              22             
831        622    2      2        4               3              
832        622    2      3        6               3              
833        622    15     12       180             20             
834        622    2      3        6               2              
835        622    2      3        6               4              
836        623    16     3        48              37             
837        624    5      3        15              11             
838        625    2      2        4               3              
839        625    2      3        6               3              
840        625    15     12       180             20             
841        625    2      3        6               2              
842        625    2      3        6               4              
843        626    16     3        48              37             
844        627    5      3        15              11             
845        628    2      2        4               3              
846        628    2      3        6               3              
847        628    15     12       180             20             
848        628    2      3        6               2              
849        628    2      3        6               4              
850        629    18     3        54              42             
851        630    3      3        9               6              
852        631    2      2        4               3              
853        631    2      3        6               3              
854        631    15     12       180             19             
855        631    2      3        6               2              
856        631    2      3        6               3              
857        632    16     3        48              37             
858        633    5      3        15              11             
859        634    2      2        4               3              
860        634    2      3        6               3              
861        634    9      5        45              11             
862        634    7      3        21              7              
863        634    2      3        6               2              
864        634    2      4        8               4              
865        635    16     3        48              37             
866        636    5      3        15              11             
867        637    3      3        9               4              
868        637    3      3        9               4              
869        637    2      2        4               3              
870        637    2      3        6               3              
871        637    9      5        45              11             
872        637    7      3        21              7              
873        637    2      3        6               2              
874        637    2      4        8               4              
875        638    16     3        48              37             
876        639    5      3        15              11             
877        640    2      2        4               3              
878        640    2      3        6               3              
879        640    15     11       165             19             
880        640    2      3        6               2              
881        640    2      3        6               3              
882        641    17     3        51              40             
883        642    4      3        12              7              
884        643    2      2        4               3              
885        643    2      2        4               2              
886        643    15     11       165             19             
887        643    2      3        6               2              
888        643    2      3        6               3              
889        644    16     3        48              37             
890        645    5      3        15              11             
891        646    3      4        12              6              
892        647    16     3        48              36             
893        648    5      3        15              11             
894        649    2      2        4               3              
895        649    5      4        20              6              
896        649    2      3        6               3              
897        650    16     3        48              36             
898        651    5      3        15              11             
899        652    5      6        30              10             
900        652    2      3        6               3              
901        653    16     3        48              37             
902        654    5      3        15              11             
903        655    2      2        4               3              
904        655    3      3        9               4              
905        656    16     3        48              37             
906        657    5      3        15              11             
907        658    10     10       100             15             
908        658    5      3        15              7              
909        658    2      2        4               2              
910        659    16     3        48              36             
911        660    5      3        15              11             
912        661    12     11       132             18             
913        661    2      2        4               4              
914        661    5      3        15              7              
915        661    2      2        4               2              
916        662    15     3        45              35             
917        663    6      3        18              12             
918        664    3      3        9               4              
919        664    6      6        36              7              
920        664    2      2        4               2              
921        664    2      3        6               4              
922        665    16     3        48              36             
923        666    5      3        15              11             
924        667    3      3        9               4              
925        667    6      6        36              7              
926        667    2      2        4               2              
927        667    2      3        6               4              
928        668    16     3        48              36             
929        669    5      3        15              11             
930        670    2      2        4               3              
931        670    2      2        4               2              
932        670    9      5        45              11             
933        670    7      3        21              7              
934        670    2      3        6               2              
935        670    2      4        8               4              
936        671    16     3        48              37             
937        672    5      3        15              11             
938        673    3      3        9               4              
939        673    3      2        6               4              
940        673    2      2        4               3              
941        673    2      3        6               3              
942        673    9      5        45              11             
943        673    7      3        21              7              
944        673    2      3        6               2              
945        673    2      4        8               4              
946        674    16     3        48              37             
947        675    5      3        15              11             
948        676    2      2        4               3              
949        676    2      2        4               2              
950        676    11     9        99              15             
951        676    3      3        9               3              
952        676    2      3        6               2              
953        676    2      4        8               4              
954        677    16     3        48              37             
955        678    5      3        15              11             
956        679    3      3        9               4              
957        679    3      2        6               4              
958        679    2      2        4               3              
959        679    2      3        6               3              
960        679    11     9        99              15             
961        679    3      3        9               3              
962        679    2      3        6               2              
963        679    2      4        8               4              
964        680    16     3        48              37             
965        681    5      3        15              11             
966        682    5      4        20              7              
967        682    2      2        4               4              
968        682    6      6        36              7              
969        682    2      2        4               2              
970        682    2      3        6               4              
971        683    15     3        45              34             
972        684    6      3        18              12             
973        685    3      3        9               4              
974        685    6      6        36              7              
975        685    2      2        4               2              
976        685    2      3        6               4              
977        686    15     3        45              34             
978        687    6      3        18              12             
979        688    5      4        20              8              
980        688    2      2        4               3              
981        688    6      6        36              7              
982        688    2      2        4               2              
983        688    2      3        6               4              
984        689    15     3        45              34             
985        690    6      3        18              12             
986        691    3      3        9               4              
987        691    6      6        36              7              
988        691    2      2        4               2              
989        691    2      3        6               4              
990        692    15     3        45              34             
991        693    6      3        18              12             
992        694    2      2        4               3              
993        694    6      6        36              7              
994        694    2      2        4               2              
995        694    2      3        6               4              
996        695    16     3        48              35             
997        696    5      3        15              11             
998        697    4      4        16              6              
999        697    6      6        36              7              
1000       697    2      2        4               2              
1001       697    2      3        6               4              
1002       698    16     3        48              37             
1003       699    5      3        15              11             
1004       700    3      3        9               4              
1005       700    6      6        36              7              
1006       700    2      2        4               2              
1007       700    2      3        6               4              
1008       701    16     3        48              37             
1009       702    5      3        15              11             
1010       703    2      2        4               3              
1011       703    6      6        36              7              
1012       703    2      2        4               2              
1013       703    2      3        6               4              
1014       704    16     3        48              36             
1015       705    5      3        15              11             
1016       706    5      4        20              8              
1017       706    2      2        4               4              
1018       706    6      6        36              7              
1019       706    2      2        4               2              
1020       706    2      3        6               4              
1021       707    16     3        48              37             
1022       708    5      3        15              11             
1023       709    3      3        9               5              
1024       709    6      6        36              7              
1025       709    2      2        4               2              
1026       709    2      3        6               4              
1027       710    16     3        48              37             
1028       711    5      3        15              11             
1029       712    2      2        4               3              
1030       712    6      6        36              7              
1031       712    2      2        4               2              
1032       712    2      3        6               4              
1033       713    16     3        48              36             
1034       714    5      3        15              11             
1035       715    5      4        20              7              
1036       715    2      2        4               4              
1037       715    6      6        36              7              
1038       715    2      2        4               2              
1039       715    2      3        6               4              
1040       716    16     3        48              37             
1041       717    5      3        15              11             
1042       718    5      4        20              9              
1043       718    2      2        4               3              
1044       718    6      6        36              7              
1045       718    2      2        4               2              
1046       718    2      3        6               4              
1047       719    16     3        48              37             
1048       720    5      3        15              11             
1049       721    2      2        4               3              
1050       721    6      6        36              7              
1051       721    2      2        4               2              
1052       721    2      3        6               4              
1053       722    16     3        48              36             
1054       723    5      3        15              11             
1055       724    2      2        4               3              
1056       724    2      2        4               2              
1057       724    15     12       180             19             
1058       724    2      3        6               2              
1059       724    2      3        6               3              
1060       725    16     3        48              37             
1061       726    5      3        15              11             
1062       727    3      3        9               4              
1063       727    3      3        9               4              
1064       727    2      2        4               3              
1065       727    2      3        6               3              
1066       727    15     12       180             19             
1067       727    2      3        6               2              
1068       727    2      3        6               3              
1069       728    16     3        48              37             
1070       729    5      3        15              11             
1071       730    3      3        9               4              
1072       730    3      3        9               4              
1073       730    9      3        27              8              
1074       730    2      3        6               2              
1075       730    6      3        18              6              
1076       730    3      3        9               4              
1077       730    2      4        8               3              
1078       730    2      2        4               2              
1079       730    2      4        8               4              
1080       731    16     3        48              38             
1081       732    4      3        12              7              
1082       733    9      3        27              8              
1083       733    2      2        4               2              
1084       733    3      3        9               3              
1085       733    3      3        9               4              
1086       733    2      4        8               3              
1087       733    2      2        4               2              
1088       733    2      4        8               4              
1089       734    15     3        45              35             
1090       735    5      3        15              11             
1091       736    9      3        27              8              
1092       736    2      3        6               2              
1093       736    6      3        18              6              
1094       736    3      3        9               4              
1095       736    2      4        8               3              
1096       736    2      2        4               2              
1097       736    2      4        8               4              
1098       737    16     3        48              37             
1099       738    4      3        12              7              
1100       739    3      3        9               4              
1101       739    2      2        4               3              
1102       739    8      7        56              13             
1103       740    14     3        42              34             
1104       741    6      3        18              13             
1105       742    3      3        9               4              
1106       742    2      2        4               3              
1107       742    8      7        56              13             
1108       743    14     3        42              34             
1109       744    6      3        18              12             
1110       745    8      7        56              13             
1111       746    15     3        45              34             
1112       747    5      3        15              11             
1113       748    2      3        6               3              
1114       748    2      4        8               3              
1115       748    3      3        9               3              
1116       748    16     6        96              18             
1117       748    2      2        4               2              
1118       748    2      2        4               3              
1119       748    3      3        9               3              
1120       748    2      2        4               2              
1121       748    2      3        6               3              
1122       748    2      3        6               3              
1123       748    3      2        6               4              
1124       749    16     3        48              37             
1125       750    4      3        12              10             
1126       751    2      3        6               3              
1127       751    2      4        8               3              
1128       751    3      3        9               3              
1129       751    16     6        96              18             
1130       751    2      2        4               2              
1131       751    2      2        4               3              
1132       751    3      3        9               3              
1133       751    2      2        4               2              
1134       751    2      3        6               3              
1135       751    3      3        9               3              
1136       751    3      2        6               4              
1137       752    16     3        48              37             
1138       753    4      3        12              10             
1139       754    2      3        6               3              
1140       754    2      4        8               3              
1141       754    3      3        9               3              
1142       754    17     8        136             22             
1143       754    2      2        4               2              
1144       754    2      2        4               3              
1145       754    3      3        9               3              
1146       754    2      2        4               2              
1147       754    2      3        6               3              
1148       754    3      3        9               3              
1149       754    3      2        6               4              
1150       755    16     3        48              37             
1151       756    4      3        12              10             
1152       757    2      3        6               3              
1153       757    2      4        8               3              
1154       757    3      3        9               3              
1155       757    16     6        96              18             
1156       757    2      2        4               2              
1157       757    2      2        4               3              
1158       757    3      3        9               3              
1159       757    2      2        4               2              
1160       757    2      3        6               3              
1161       757    2      3        6               3              
1162       757    3      2        6               4              
1163       758    16     3        48              37             
1164       759    4      3        12              10             
1165       760    2      3        6               3              
1166       760    2      4        8               3              
1167       760    3      3        9               3              
1168       760    16     6        96              18             
1169       760    2      2        4               2              
1170       760    2      2        4               3              
1171       760    3      3        9               3              
1172       760    2      2        4               2              
1173       760    2      3        6               3              
1174       760    2      3        6               3              
1175       760    3      2        6               4              
1176       761    17     3        51              40             
1177       762    3      3        9               6              
1178       763    2      3        6               3              
1179       763    2      4        8               3              
1180       763    3      3        9               3              
1181       763    17     7        119             21             
1182       763    2      2        4               2              
1183       763    2      2        4               3              
1184       763    3      3        9               3              
1185       763    2      2        4               2              
1186       763    2      3        6               3              
1187       763    2      3        6               3              
1188       763    3      2        6               4              
1189       764    16     3        48              37             
1190       765    4      3        12              10             
1191       766    2      3        6               3              
1192       766    2      4        8               3              
1193       766    3      3        9               3              
1194       766    17     6        102             19             
1195       766    2      2        4               2              
1196       766    2      2        4               3              
1197       766    3      3        9               3              
1198       766    2      2        4               2              
1199       766    2      3        6               3              
1200       766    2      3        6               3              
1201       766    3      2        6               4              
1202       767    16     3        48              37             
1203       768    4      3        12              10             
1204       769    2      3        6               3              
1205       769    2      4        8               3              
1206       769    3      3        9               3              
1207       769    17     6        102             19             
1208       769    2      2        4               2              
1209       769    2      2        4               3              
1210       769    3      3        9               3              
1211       769    2      2        4               2              
1212       769    2      3        6               3              
1213       769    2      3        6               3              
1214       769    3      2        6               4              
1215       770    16     3        48              37             
1216       771    4      3        12              10             
1217       772    2      3        6               3              
1218       772    2      4        8               3              
1219       772    3      3        9               3              
1220       772    17     8        136             22             
1221       772    2      2        4               2              
1222       772    2      2        4               3              
1223       772    3      3        9               3              
1224       772    2      2        4               2              
1225       772    2      3        6               3              
1226       772    2      3        6               3              
1227       772    3      2        6               4              
1228       773    16     3        48              37             
1229       774    4      3        12              10             
1230       775    3      2        6               4              
1231       775    27     14       378             26             
1232       775    2      2        4               2              
1233       775    2      2        4               3              
1234       775    2      3        6               3              
1235       775    2      2        4               2              
1236       775    2      3        6               3              
1237       775    2      2        4               2              
1238       775    2      3        6               4              
1239       776    15     3        45              35             
1240       777    6      3        18              12             
1241       778    22     13       286             22             
1242       778    2      2        4               2              
1243       778    2      2        4               3              
1244       778    2      3        6               3              
1245       778    2      2        4               2              
1246       778    2      3        6               3              
1247       778    3      2        6               2              
1248       778    2      2        4               2              
1249       778    2      3        6               4              
1250       779    17     3        51              40             
1251       780    4      3        12              7              
1252       781    3      2        6               2              
1253       781    8      7        56              8              
1254       781    25     22       550             30             
1255       781    5      5        25              7              
1256       781    2      3        6               3              
1257       782    14     3        42              33             
1258       783    7      3        21              14             
1259       784    26     14       364             24             
1260       784    2      2        4               2              
1261       784    2      2        4               3              
1262       784    2      3        6               3              
1263       784    2      3        6               3              
1264       784    2      2        4               2              
1265       784    2      3        6               4              
1266       785    16     3        48              37             
1267       786    5      3        15              11             
1268       787    8      6        48              12             
1269       787    5      5        25              5              
1270       788    10     3        30              22             
1271       789    13     7        91              12             
1272       789    3      3        9               3              
1273       789    3      3        9               3              
1274       789    2      2        4               2              
1275       790    17     3        51              37             
1276       792    19     14       266             20             
1277       792    3      3        9               3              
1278       792    4      4        16              3              
1279       792    3      3        9               3              
1280       792    4      4        16              4              
1281       793    15     3        45              33             
1282       794    8      3        24              16             
1283       795    19     11       209             29             
1284       796    18     3        54              40             
1285       797    8      3        24              17             
1286       798    3      3        9               3              
1287       798    3      3        9               3              
1288       798    3      3        9               3              
1289       798    11     8        88              9              
1290       798    2      2        4               2              
1291       798    2      3        6               2              
1292       799    18     3        54              40             
1293       800    3      3        9               6              
1294       801    4      4        16              4              
1295       801    3      3        9               3              
1296       801    2      3        6               3              
1297       801    4      8        32              5              
1298       801    2      2        4               2              
1299       801    2      2        4               2              
1300       801    2      3        6               2              
1301       801    3      2        6               2              
1302       802    18     3        54              40             
1303       803    3      3        9               6              
1304       804    4      4        16              4              
1305       804    3      3        9               3              
1306       804    2      3        6               3              
1307       804    4      8        32              5              
1308       804    2      2        4               2              
1309       804    2      2        4               2              
1310       804    2      3        6               2              
1311       804    3      2        6               2              
1312       805    18     3        54              42             
1313       806    3      3        9               6              
1314       807    2      2        4               3              
1315       807    4      3        12              3              
1316       807    3      3        9               3              
1317       807    3      3        9               3              
1318       807    11     10       110             9              
1319       807    2      2        4               2              
1320       807    2      3        6               2              
1321       808    18     3        54              40             
1322       809    3      3        9               6              
1323       810    2      2        4               3              
1324       810    2      2        4               2              
1325       810    3      3        9               3              
1326       810    3      3        9               3              
1327       810    4      8        32              5              
1328       810    2      2        4               2              
1329       810    2      2        4               2              
1330       810    2      3        6               2              
1331       810    3      2        6               2              
1332       811    18     3        54              40             
1333       812    3      3        9               6              
1334       813    2      2        4               3              
1335       813    2      2        4               2              
1336       813    3      3        9               3              
1337       813    3      3        9               3              
1338       813    4      8        32              5              
1339       813    2      2        4               2              
1340       813    2      2        4               2              
1341       813    2      3        6               2              
1342       813    3      2        6               2              
1343       814    18     3        54              42             
1344       815    3      3        9               6              
1345       816    13     8        104             20             
1346       817    15     3        45              36             
1347       818    4      3        12              10             
1348       819    13     8        104             20             
1349       820    16     3        48              38             
1350       821    3      3        9               6              
1351       827    4      3        12              2              
1352       827    2      4        8               4              
1353       958    3      4        12              5              
1354       966    34     2        68              65             
1355       967    40     2        80              66             
1356       968    42     2        84              60             
1357       969    38     2        76              57             
1358       970    40     2        80              73             
1359       971    40     2        80              67             
1360       972    35     2        70              58             
1361       973    39     2        78              65             
1362       974    13     2        26              20             
1363       976    2      3        6               4              
1364       983    2      2        4               3              
1365       984    2      2        4               3              
1366       985    5      3        15              13             
1367       986    24     7        168             55             
1368       987    4      5        20              20             
1369       987    13     5        65              56             
1370       988    17     6        102             59             
1371       989    16     6        96              51             
1372       990    3      8        24              14             
1373       990    2      2        4               3              
1374       990    3      3        9               8              
1375       991    2      6        12              7              
1376       991    20     6        120             45             
1377       992    9      6        54              28             
1378       992    2      6        12              6              
1379       993    5      2        10              9              
1380       994    6      2        12              11             
1381       996    10     3        30              26             
1382       997    7      6        42              32             
1383       998    7      6        42              33             
1384       999    14     7        98              80             
1385       1000   6      14       84              14             
1386       1001   6      14       84              15             
1387       1001   17     3        51              30             
1388       1002   11     3        33              18             
1389       1002   11     3        33              18             
1390       1002   9      3        27              14             
1391       1003   6      4        24              2              
1392       1003   6      4        24              2              
1393       1004   6      4        24              2              
1394       1004   4      3        12              6              
1395       1005   12     5        60              43             
1396       1006   4      4        16              8              
1397       1009   5      6        30              23             
1398       1010   11     8        88              31             
1399       1010   10     6        60              44             
1400       1011   5      6        30              14             
1401       1011   6      3        18              1              
1402       1012   5      50       250             53             
1403       1012   4      4        16              8              
1404       1017   18     3        54              47             
1405       1018   34     3        102             77             
1406       1019   29     3        87              81             
1407       1020   30     3        90              71             
1408       1021   18     3        54              47             
1409       1022   24     3        72              55             
1410       1023   18     3        54              46             
1411       1024   20     3        60              47             
1412       1025   18     3        54              46             
1413       1026   18     3        54              46             
1414       1027   20     3        60              49             
1415       1028   18     3        54              46             
1416       1029   18     3        54              46             
1417       1030   18     3        54              46             
1418       1031   20     3        60              47             
1419       1038   2      2        4               0              
1420       1038   2      2        4               2              
1421       1039   12     11       132             10             
1422       1040   14     11       154             13             
1423       1041   17     3        51              39             
1424       1042   4      3        12              8              
1425       1042   17     3        51              37             
1426       1043   3      3        9               6              
1427       1044   5      5        25              9              
1428       1045   14     3        42              31             
1429       1046   6      4        24              9              
1430       1046   8      3        24              17             
1431       1047   6      3        18              12             

==================================================
Total Tables: 1431
Total Expected Cells: 65448
Total Actual Cells: 21406
Extraction Efficiency: 32.7%
